2.45863
2.54119
2.35760
2.40915
2.44300
2.43424
2.53408
2.58078
2.55290
2.52666
2.97980
3.08207
2.85049
2.89672
2.99490
2.95202
3.08980
3.11559
3.05108
3.08251
3.24095
3.35298
3.11692
3.15715
3.27397
3.20666
3.36700
3.38340
3.31774
3.34886
3.38306
3.49186
3.24759
3.28056
3.40787
3.33848
3.50373
3.51419
3.44383
3.47566
3.44886
3.55876
3.32102
3.34634
3.47719
3.40373
3.56779
3.58061
3.50002
3.54728
3.49043
3.60561
3.36462
3.38831
3.51895
3.45345
3.61444
3.62286
3.54171
3.58670
3.52018
3.63758
3.39548
3.42387
3.55124
3.48336
3.64978
3.65780
3.57878
3.62287
3.54410
3.66438
3.42180
3.45063
3.57624
3.50889
3.67682
3.68386
3.60645
3.64796
3.56813
3.68942
3.44374
3.47195
3.59753
3.53128
3.70075
3.70780
3.63127
3.67058
3.58783
3.71074
3.46258
3.49068
3.61598
3.54995
3.72175
3.72770
3.65124
3.69012
3.60977
3.73508
3.48436
3.51229
3.63697
3.57145
3.74537
3.75008
3.67383
3.71170