4.40893
3.29553
5.73741
5.14774
4.17582
4.62824
3.33348
3.34120
3.68546
3.47417
4.06421
2.96639
5.32852
4.90980
3.71871
4.37973
2.90158
2.84118
3.41429
3.06695
3.90900
2.77370
5.04602
4.72486
3.55760
4.21801
2.68448
2.60484
3.30115
2.93299
3.77921
2.72341
4.97350
4.66159
3.46992
4.12896
2.61286
2.53059
3.25378
2.85802
3.71473
2.68580
4.88781
4.63093
3.46546
4.07502
2.57844
2.49884
3.21961
2.80798
3.71698
2.65092
4.86295
4.61193
3.46183
4.06082
2.56117
2.48053
3.20771
2.82176
3.74280
2.65399
4.88051
4.62074
3.47139
4.08315
2.55209
2.48305
3.19412
2.82026
3.76001
2.65622
4.90006
4.62956
3.49236
4.10491
2.55743
2.50040
3.19612
2.83692
3.77492
2.66082
4.92257
4.65924
3.53045
4.12309
2.56879
2.51880
3.20389
2.85686
3.78965
2.66893
4.93783
4.67894
3.55576
4.13948
2.57548
2.53705
3.21816
2.87463
3.81163
2.67790
4.95868
4.70028
3.58458
4.16224
2.58641
2.55856
3.23758
2.90022